TRIGGER|SYNTHETIC|1
EVENT_START|1|8.168
DATA|1|0|8.233
DATA|1|100|8.251
DATA|1|200|8.214
DATA|1|300|8.179
DATA|1|400|8.225
DATA|1|500|8.266
DATA|1|600|8.278
DATA|1|700|8.244
DATA|1|800|8.236
DATA|1|900|8.262
DATA|1|1000|8.235
DATA|1|1100|8.145
DATA|1|1200|8.118
DATA|1|1300|8.129
DATA|1|1400|8.246
DATA|1|1500|8.282
DATA|1|1600|8.190
DATA|1|1700|8.207
DATA|1|1800|8.212
DATA|1|1900|8.077
DATA|1|2000|8.025
DATA|1|2100|8.173
DATA|1|2200|8.301
DATA|1|2300|8.151
DATA|1|2400|8.120
DATA|1|2500|8.134
DATA|1|2600|8.187
DATA|1|2700|8.133
DATA|1|2800|8.242
DATA|1|2900|8.315
DATA|1|3000|8.247
DATA|1|3100|8.287
DATA|1|3200|8.337
DATA|1|3300|8.317
DATA|1|3400|8.235
DATA|1|3500|8.253
DATA|1|3600|8.192
DATA|1|3700|8.189
DATA|1|3800|8.306
DATA|1|3900|8.247
DATA|1|4000|8.214
DATA|1|4100|8.219
DATA|1|4200|8.248
DATA|1|4300|8.179
DATA|1|4400|8.165
DATA|1|4500|8.120
DATA|1|4600|8.137
DATA|1|4700|8.204
DATA|1|4800|8.186
DATA|1|4900|8.158
DATA|1|5000|8.233
LID_CLOSED|1
EVENT_END|1|8.168|8.173|-0.005
LABEL|1|NONE
TRIGGER|SYNTHETIC|2
EVENT_START|2|8.796
DATA|2|0|8.857
DATA|2|100|8.736
DATA|2|200|8.758
DATA|2|300|8.764
DATA|2|400|8.886
DATA|2|500|8.734
DATA|2|600|8.818
DATA|2|700|8.701
DATA|2|800|8.747
DATA|2|900|8.751
DATA|2|1000|8.735
DATA|2|1100|8.867
DATA|2|1200|8.970
DATA|2|1300|8.868
DATA|2|1400|8.968
DATA|2|1500|8.831
DATA|2|1600|8.787
DATA|2|1700|8.766
DATA|2|1800|8.785
DATA|2|1900|8.850
DATA|2|2000|8.876
DATA|2|2100|8.864
DATA|2|2200|8.818
DATA|2|2300|8.775
DATA|2|2400|8.814
DATA|2|2500|8.918
DATA|2|2600|8.867
DATA|2|2700|8.765
DATA|2|2800|8.755
DATA|2|2900|8.842
DATA|2|3000|8.834
DATA|2|3100|8.896
DATA|2|3200|8.864
DATA|2|3300|8.865
DATA|2|3400|8.608
DATA|2|3500|8.914
DATA|2|3600|8.947
DATA|2|3700|8.899
DATA|2|3800|8.845
DATA|2|3900|8.642
DATA|2|4000|8.789
DATA|2|4100|8.756
DATA|2|4200|8.777
DATA|2|4300|8.781
DATA|2|4400|8.716
DATA|2|4500|8.814
DATA|2|4600|8.804
DATA|2|4700|8.708
DATA|2|4800|8.874
DATA|2|4900|8.777
DATA|2|5000|8.795
LID_CLOSED|2
EVENT_END|2|8.796|8.784|0.013
LABEL|2|NONE
TRIGGER|SYNTHETIC|3
EVENT_START|3|8.513
DATA|3|0|8.690
DATA|3|100|8.527
DATA|3|200|8.565
DATA|3|300|8.399
DATA|3|400|8.622
DATA|3|500|8.481
DATA|3|600|8.509
DATA|3|700|8.446
DATA|3|800|8.480
DATA|3|900|8.539
DATA|3|1000|8.572
DATA|3|1100|8.483
DATA|3|1200|8.505
DATA|3|1300|8.462
DATA|3|1400|8.532
DATA|3|1500|8.536
DATA|3|1600|8.579
DATA|3|1700|8.685
DATA|3|1800|8.535
DATA|3|1900|8.592
DATA|3|2000|8.480
DATA|3|2100|8.500
DATA|3|2200|8.618
DATA|3|2300|8.574
DATA|3|2400|8.533
DATA|3|2500|8.310
DATA|3|2600|8.411
DATA|3|2700|8.613
DATA|3|2800|8.485
DATA|3|2900|8.516
DATA|3|3000|8.493
DATA|3|3100|8.449
DATA|3|3200|8.440
DATA|3|3300|8.605
DATA|3|3400|8.526
DATA|3|3500|8.536
DATA|3|3600|8.451
DATA|3|3700|8.510
DATA|3|3800|8.381
DATA|3|3900|8.529
DATA|3|4000|8.553
DATA|3|4100|8.516
DATA|3|4200|8.462
DATA|3|4300|8.576
DATA|3|4400|8.350
DATA|3|4500|8.426
DATA|3|4600|8.517
DATA|3|4700|8.578
DATA|3|4800|8.499
DATA|3|4900|8.433
DATA|3|5000|8.427
LID_CLOSED|3
EVENT_END|3|8.513|8.476|0.037
LABEL|3|NONE
TRIGGER|SYNTHETIC|4
EVENT_START|4|8.759
DATA|4|0|8.833
DATA|4|100|8.778
DATA|4|200|8.820
DATA|4|300|8.752
DATA|4|400|8.672
DATA|4|500|8.596
DATA|4|600|8.777
DATA|4|700|8.816
DATA|4|800|8.776
DATA|4|900|8.666
DATA|4|1000|8.822
DATA|4|1100|8.850
DATA|4|1200|8.833
DATA|4|1300|8.754
DATA|4|1400|8.755
DATA|4|1500|8.806
DATA|4|1600|8.839
DATA|4|1700|8.721
DATA|4|1800|8.713
DATA|4|1900|8.826
DATA|4|2000|8.816
DATA|4|2100|8.830
DATA|4|2200|8.793
DATA|4|2300|8.883
DATA|4|2400|8.767
DATA|4|2500|8.699
DATA|4|2600|8.694
DATA|4|2700|8.708
DATA|4|2800|8.661
DATA|4|2900|8.569
DATA|4|3000|8.678
DATA|4|3100|8.531
DATA|4|3200|8.789
DATA|4|3300|8.678
DATA|4|3400|8.740
DATA|4|3500|8.800
DATA|4|3600|8.785
DATA|4|3700|8.763
DATA|4|3800|8.856
DATA|4|3900|8.585
DATA|4|4000|8.597
DATA|4|4100|8.695
DATA|4|4200|8.706
DATA|4|4300|8.712
DATA|4|4400|8.674
DATA|4|4500|8.845
DATA|4|4600|8.780
DATA|4|4700|8.690
DATA|4|4800|8.665
DATA|4|4900|8.763
DATA|4|5000|8.659
LID_CLOSED|4
EVENT_END|4|8.759|8.724|0.035
LABEL|4|NONE
TRIGGER|SYNTHETIC|5
EVENT_START|5|8.344
DATA|5|0|8.365
DATA|5|100|8.390
DATA|5|200|8.316
DATA|5|300|8.309
DATA|5|400|8.309
DATA|5|500|8.274
DATA|5|600|8.306
DATA|5|700|8.338
DATA|5|800|8.353
DATA|5|900|8.267
DATA|5|1000|8.429
DATA|5|1100|8.427
DATA|5|1200|8.414
DATA|5|1300|8.327
DATA|5|1400|8.373
DATA|5|1500|8.392
DATA|5|1600|8.467
DATA|5|1700|8.276
DATA|5|1800|8.225
DATA|5|1900|8.373
DATA|5|2000|8.409
DATA|5|2100|8.507
DATA|5|2200|8.276
DATA|5|2300|8.451
DATA|5|2400|8.495
DATA|5|2500|8.229
DATA|5|2600|8.303
DATA|5|2700|8.402
DATA|5|2800|8.445
DATA|5|2900|8.161
DATA|5|3000|8.285
DATA|5|3100|8.268
DATA|5|3200|8.333
DATA|5|3300|8.395
DATA|5|3400|8.419
DATA|5|3500|8.364
DATA|5|3600|8.320
DATA|5|3700|8.358
DATA|5|3800|8.443
DATA|5|3900|8.381
DATA|5|4000|8.285
DATA|5|4100|8.247
DATA|5|4200|8.421
DATA|5|4300|8.323
DATA|5|4400|8.406
DATA|5|4500|8.368
DATA|5|4600|8.369
DATA|5|4700|8.289
DATA|5|4800|8.233
DATA|5|4900|8.302
DATA|5|5000|8.284
LID_CLOSED|5
EVENT_END|5|8.344|8.322|0.022
LABEL|5|NONE
TRIGGER|SYNTHETIC|6
EVENT_START|6|8.100
DATA|6|0|8.240
DATA|6|100|8.061
DATA|6|200|8.191
DATA|6|300|8.323
DATA|6|400|8.219
DATA|6|500|8.097
DATA|6|600|8.088
DATA|6|700|8.123
DATA|6|800|8.139
DATA|6|900|7.951
DATA|6|1000|8.041
DATA|6|1100|7.939
DATA|6|1200|8.089
DATA|6|1300|8.193
DATA|6|1400|8.086
DATA|6|1500|8.087
DATA|6|1600|8.094
DATA|6|1700|8.149
DATA|6|1800|7.995
DATA|6|1900|8.156
DATA|6|2000|8.105
DATA|6|2100|8.251
DATA|6|2200|8.253
DATA|6|2300|8.080
DATA|6|2400|7.994
DATA|6|2500|8.064
DATA|6|2600|8.138
DATA|6|2700|8.321
DATA|6|2800|8.313
DATA|6|2900|8.245
DATA|6|3000|8.070
DATA|6|3100|8.037
DATA|6|3200|7.926
DATA|6|3300|8.012
DATA|6|3400|7.965
DATA|6|3500|7.921
DATA|6|3600|8.086
DATA|6|3700|8.048
DATA|6|3800|8.150
DATA|6|3900|8.197
DATA|6|4000|8.073
DATA|6|4100|8.102
DATA|6|4200|8.193
DATA|6|4300|8.226
DATA|6|4400|8.193
DATA|6|4500|8.050
DATA|6|4600|8.204
DATA|6|4700|8.119
DATA|6|4800|8.200
DATA|6|4900|8.068
DATA|6|5000|8.092
LID_CLOSED|6
EVENT_END|6|8.100|8.144|-0.044
LABEL|6|NONE
TRIGGER|SYNTHETIC|7
EVENT_START|7|8.760
DATA|7|0|8.776
DATA|7|100|8.750
DATA|7|200|8.740
DATA|7|300|8.678
DATA|7|400|8.703
DATA|7|500|8.783
DATA|7|600|8.833
DATA|7|700|8.756
DATA|7|800|8.766
DATA|7|900|8.557
DATA|7|1000|8.750
DATA|7|1100|8.674
DATA|7|1200|8.794
DATA|7|1300|8.678
DATA|7|1400|8.819
DATA|7|1500|8.741
DATA|7|1600|8.822
DATA|7|1700|8.871
DATA|7|1800|8.796
DATA|7|1900|8.755
DATA|7|2000|8.744
DATA|7|2100|8.609
DATA|7|2200|8.664
DATA|7|2300|8.764
DATA|7|2400|8.707
DATA|7|2500|8.702
DATA|7|2600|8.729
DATA|7|2700|8.712
DATA|7|2800|8.630
DATA|7|2900|8.699
DATA|7|3000|8.809
DATA|7|3100|8.851
DATA|7|3200|8.656
DATA|7|3300|8.735
DATA|7|3400|8.760
DATA|7|3500|8.704
DATA|7|3600|8.641
DATA|7|3700|8.674
DATA|7|3800|8.818
DATA|7|3900|8.791
DATA|7|4000|8.682
DATA|7|4100|8.613
DATA|7|4200|8.699
DATA|7|4300|8.739
DATA|7|4400|8.823
DATA|7|4500|8.873
DATA|7|4600|8.728
DATA|7|4700|8.738
DATA|7|4800|8.712
DATA|7|4900|8.665
DATA|7|5000|8.758
LID_CLOSED|7
EVENT_END|7|8.760|8.754|0.005
LABEL|7|NONE
TRIGGER|SYNTHETIC|8
EVENT_START|8|8.991
DATA|8|0|9.069
DATA|8|100|8.941
DATA|8|200|9.031
DATA|8|300|8.979
DATA|8|400|8.946
DATA|8|500|9.008
DATA|8|600|9.080
DATA|8|700|9.016
DATA|8|800|9.083
DATA|8|900|9.027
DATA|8|1000|9.012
DATA|8|1100|8.929
DATA|8|1200|9.007
DATA|8|1300|9.055
DATA|8|1400|8.926
DATA|8|1500|9.017
DATA|8|1600|9.046
DATA|8|1700|9.016
DATA|8|1800|9.025
DATA|8|1900|9.013
DATA|8|2000|8.957
DATA|8|2100|9.005
DATA|8|2200|8.870
DATA|8|2300|8.988
DATA|8|2400|9.019
DATA|8|2500|9.041
DATA|8|2600|9.015
DATA|8|2700|8.982
DATA|8|2800|8.974
DATA|8|2900|9.107
DATA|8|3000|9.088
DATA|8|3100|9.043
DATA|8|3200|9.105
DATA|8|3300|9.082
DATA|8|3400|9.081
DATA|8|3500|9.018
DATA|8|3600|9.025
DATA|8|3700|8.992
DATA|8|3800|9.028
DATA|8|3900|8.928
DATA|8|4000|8.960
DATA|8|4100|8.953
DATA|8|4200|9.042
DATA|8|4300|9.100
DATA|8|4400|8.947
DATA|8|4500|8.989
DATA|8|4600|8.957
DATA|8|4700|8.949
DATA|8|4800|8.966
DATA|8|4900|8.980
DATA|8|5000|8.960
LID_CLOSED|8
EVENT_END|8|8.991|8.981|0.010
LABEL|8|NONE
TRIGGER|SYNTHETIC|9
EVENT_START|9|8.799
DATA|9|0|8.742
DATA|9|100|8.866
DATA|9|200|8.844
DATA|9|300|8.815
DATA|9|400|8.946
DATA|9|500|8.835
DATA|9|600|8.667
DATA|9|700|8.754
DATA|9|800|8.823
DATA|9|900|8.798
DATA|9|1000|8.841
DATA|9|1100|8.749
DATA|9|1200|8.700
DATA|9|1300|8.806
DATA|9|1400|8.831
DATA|9|1500|8.812
DATA|9|1600|8.798
DATA|9|1700|8.904
DATA|9|1800|8.772
DATA|9|1900|8.819
DATA|9|2000|8.772
DATA|9|2100|8.621
DATA|9|2200|8.775
DATA|9|2300|8.895
DATA|9|2400|8.873
DATA|9|2500|8.863
DATA|9|2600|8.797
DATA|9|2700|8.886
DATA|9|2800|8.826
DATA|9|2900|8.942
DATA|9|3000|8.825
DATA|9|3100|8.804
DATA|9|3200|8.748
DATA|9|3300|8.775
DATA|9|3400|8.936
DATA|9|3500|8.689
DATA|9|3600|8.850
DATA|9|3700|8.757
DATA|9|3800|8.877
DATA|9|3900|8.773
DATA|9|4000|8.732
DATA|9|4100|8.728
DATA|9|4200|8.817
DATA|9|4300|8.821
DATA|9|4400|8.835
DATA|9|4500|8.829
DATA|9|4600|8.684
DATA|9|4700|8.730
DATA|9|4800|8.758
DATA|9|4900|8.749
DATA|9|5000|8.708
LID_CLOSED|9
EVENT_END|9|8.799|8.764|0.034
LABEL|9|NONE
TRIGGER|SYNTHETIC|10
EVENT_START|10|8.998
DATA|10|0|8.941
DATA|10|100|9.058
DATA|10|200|9.108
DATA|10|300|9.006
DATA|10|400|9.202
DATA|10|500|9.104
DATA|10|600|9.093
DATA|10|700|9.103
DATA|10|800|9.078
DATA|10|900|9.074
DATA|10|1000|9.065
DATA|10|1100|8.985
DATA|10|1200|8.853
DATA|10|1300|8.970
DATA|10|1400|9.084
DATA|10|1500|9.049
DATA|10|1600|9.075
DATA|10|1700|9.058
DATA|10|1800|9.078
DATA|10|1900|9.078
DATA|10|2000|9.005
DATA|10|2100|9.007
DATA|10|2200|9.096
DATA|10|2300|8.817
DATA|10|2400|8.817
DATA|10|2500|8.934
DATA|10|2600|8.896
DATA|10|2700|8.942
DATA|10|2800|9.006
DATA|10|2900|8.974
DATA|10|3000|9.069
DATA|10|3100|9.205
DATA|10|3200|9.217
DATA|10|3300|8.967
DATA|10|3400|9.119
DATA|10|3500|9.041
DATA|10|3600|9.149
DATA|10|3700|9.177
DATA|10|3800|9.070
DATA|10|3900|9.050
DATA|10|4000|9.121
DATA|10|4100|9.009
DATA|10|4200|8.999
DATA|10|4300|9.051
DATA|10|4400|9.012
DATA|10|4500|9.066
DATA|10|4600|9.033
DATA|10|4700|8.993
DATA|10|4800|9.020
DATA|10|4900|9.031
DATA|10|5000|8.933
LID_CLOSED|10
EVENT_END|10|8.998|9.017|-0.019
LABEL|10|NONE
TRIGGER|SYNTHETIC|11
EVENT_START|11|8.868
DATA|11|0|8.895
DATA|11|100|8.949
DATA|11|200|8.885
DATA|11|300|8.964
DATA|11|400|8.945
DATA|11|500|8.770
DATA|11|600|8.808
DATA|11|700|8.842
DATA|11|800|8.892
DATA|11|900|8.788
DATA|11|1000|10.169
DATA|11|1100|20.239
DATA|11|1200|31.447
DATA|11|1300|32.948
DATA|11|1400|29.651
DATA|11|1500|15.672
DATA|11|1600|8.129
DATA|11|1700|8.207
DATA|11|1800|8.333
DATA|11|1900|8.246
DATA|11|2000|8.306
DATA|11|2100|8.333
DATA|11|2200|8.264
DATA|11|2300|8.276
DATA|11|2400|8.369
DATA|11|2500|8.281
DATA|11|2600|8.361
DATA|11|2700|8.292
DATA|11|2800|8.306
DATA|11|2900|8.347
DATA|11|3000|8.278
DATA|11|3100|8.286
DATA|11|3200|8.328
DATA|11|3300|8.277
DATA|11|3400|8.304
DATA|11|3500|8.296
DATA|11|3600|8.211
DATA|11|3700|8.244
DATA|11|3800|8.123
DATA|11|3900|8.047
DATA|11|4000|8.030
DATA|11|4100|8.058
DATA|11|4200|8.151
DATA|11|4300|8.052
DATA|11|4400|8.088
DATA|11|4500|8.126
DATA|11|4600|8.076
DATA|11|4700|7.997
DATA|11|4800|7.984
DATA|11|4900|8.039
DATA|11|5000|8.005
LID_CLOSED|11
EVENT_END|11|8.868|8.046|0.822
LABEL|11|ONE
TRIGGER|SYNTHETIC|12
EVENT_START|12|8.684
DATA|12|0|8.551
DATA|12|100|8.578
DATA|12|200|8.585
DATA|12|300|8.554
DATA|12|400|8.588
DATA|12|500|8.640
DATA|12|600|8.501
DATA|12|700|8.673
DATA|12|800|8.440
DATA|12|900|8.519
DATA|12|1000|9.725
DATA|12|1100|14.047
DATA|12|1200|19.958
DATA|12|1300|24.174
DATA|12|1400|25.677
DATA|12|1500|12.802
DATA|12|1600|7.969
DATA|12|1700|7.987
DATA|12|1800|7.923
DATA|12|1900|7.907
DATA|12|2000|8.058
DATA|12|2100|7.907
DATA|12|2200|7.815
DATA|12|2300|7.981
DATA|12|2400|7.903
DATA|12|2500|7.873
DATA|12|2600|7.858
DATA|12|2700|8.001
DATA|12|2800|7.876
DATA|12|2900|7.881
DATA|12|3000|7.901
DATA|12|3100|7.775
DATA|12|3200|7.994
DATA|12|3300|8.085
DATA|12|3400|7.981
DATA|12|3500|7.783
DATA|12|3600|7.900
DATA|12|3700|7.974
DATA|12|3800|7.822
DATA|12|3900|7.884
DATA|12|4000|7.834
DATA|12|4100|7.973
DATA|12|4200|7.999
DATA|12|4300|8.033
DATA|12|4400|8.005
DATA|12|4500|7.826
DATA|12|4600|8.067
DATA|12|4700|7.931
DATA|12|4800|7.939
DATA|12|4900|7.769
DATA|12|5000|7.903
LID_CLOSED|12
EVENT_END|12|8.684|7.934|0.750
LABEL|12|ONE
TRIGGER|SYNTHETIC|13
EVENT_START|13|8.740
DATA|13|0|8.681
DATA|13|100|8.751
DATA|13|200|8.736
DATA|13|300|8.834
DATA|13|400|8.744
DATA|13|500|8.710
DATA|13|600|8.861
DATA|13|700|8.754
DATA|13|800|8.628
DATA|13|900|8.600
DATA|13|1000|8.559
DATA|13|1100|8.578
DATA|13|1200|20.872
DATA|13|1300|35.279
DATA|13|1400|67.048
DATA|13|1500|135.935
DATA|13|1600|213.972
DATA|13|1700|243.869
DATA|13|1800|215.704
DATA|13|1900|164.799
DATA|13|2000|43.881
DATA|13|2100|10.025
DATA|13|2200|8.312
DATA|13|2300|8.168
DATA|13|2400|8.188
DATA|13|2500|8.035
DATA|13|2600|8.127
DATA|13|2700|8.167
DATA|13|2800|8.137
DATA|13|2900|8.212
DATA|13|3000|8.205
DATA|13|3100|8.271
DATA|13|3200|8.253
DATA|13|3300|8.139
DATA|13|3400|8.098
DATA|13|3500|8.101
DATA|13|3600|8.097
DATA|13|3700|8.049
DATA|13|3800|8.045
DATA|13|3900|8.031
DATA|13|4000|8.066
DATA|13|4100|8.031
DATA|13|4200|7.979
DATA|13|4300|7.907
DATA|13|4400|7.936
DATA|13|4500|8.159
DATA|13|4600|7.947
DATA|13|4700|7.972
DATA|13|4800|7.756
DATA|13|4900|7.935
DATA|13|5000|7.960
LID_CLOSED|13
EVENT_END|13|8.740|7.946|0.794
LABEL|13|ONE
TRIGGER|SYNTHETIC|14
EVENT_START|14|8.894
DATA|14|0|8.688
DATA|14|100|8.850
DATA|14|200|8.809
DATA|14|300|8.749
DATA|14|400|10.705
DATA|14|500|21.608
DATA|14|600|33.477
DATA|14|700|35.121
DATA|14|800|34.263
DATA|14|900|34.813
DATA|14|1000|24.681
DATA|14|1100|8.007
DATA|14|1200|7.818
DATA|14|1300|7.890
DATA|14|1400|7.987
DATA|14|1500|7.969
DATA|14|1600|8.118
DATA|14|1700|8.029
DATA|14|1800|7.944
DATA|14|1900|7.929
DATA|14|2000|7.963
DATA|14|2100|7.908
DATA|14|2200|7.896
DATA|14|2300|7.889
DATA|14|2400|7.996
DATA|14|2500|8.019
DATA|14|2600|7.990
DATA|14|2700|7.902
DATA|14|2800|7.864
DATA|14|2900|7.953
DATA|14|3000|7.987
DATA|14|3100|7.934
DATA|14|3200|7.888
DATA|14|3300|7.781
DATA|14|3400|7.863
DATA|14|3500|7.914
DATA|14|3600|7.996
DATA|14|3700|7.989
DATA|14|3800|7.916
DATA|14|3900|7.947
DATA|14|4000|7.982
DATA|14|4100|8.000
DATA|14|4200|8.056
DATA|14|4300|8.011
DATA|14|4400|7.989
DATA|14|4500|7.929
DATA|14|4600|7.974
DATA|14|4700|8.046
DATA|14|4800|8.102
DATA|14|4900|8.099
DATA|14|5000|8.098
LID_CLOSED|14
EVENT_END|14|8.894|8.031|0.863
LABEL|14|ONE
TRIGGER|SYNTHETIC|15
EVENT_START|15|8.895
DATA|15|0|8.824
DATA|15|100|8.798
DATA|15|200|8.730
DATA|15|300|8.740
DATA|15|400|8.619
DATA|15|500|8.673
DATA|15|600|8.578
DATA|15|700|8.814
DATA|15|800|17.005
DATA|15|900|46.963
DATA|15|1000|85.303
DATA|15|1100|138.818
DATA|15|1200|112.069
DATA|15|1300|67.396
DATA|15|1400|27.737
DATA|15|1500|10.708
DATA|15|1600|7.918
DATA|15|1700|7.891
DATA|15|1800|7.732
DATA|15|1900|7.837
DATA|15|2000|7.819
DATA|15|2100|7.941
DATA|15|2200|7.894
DATA|15|2300|7.879
DATA|15|2400|7.838
DATA|15|2500|7.819
DATA|15|2600|7.872
DATA|15|2700|7.815
DATA|15|2800|7.970
DATA|15|2900|7.857
DATA|15|3000|7.771
DATA|15|3100|7.824
DATA|15|3200|7.680
DATA|15|3300|7.862
DATA|15|3400|7.787
DATA|15|3500|7.977
DATA|15|3600|7.943
DATA|15|3700|8.064
DATA|15|3800|8.023
DATA|15|3900|8.027
DATA|15|4000|7.964
DATA|15|4100|7.927
DATA|15|4200|7.865
DATA|15|4300|7.842
DATA|15|4400|7.900
DATA|15|4500|7.997
DATA|15|4600|7.973
DATA|15|4700|8.100
DATA|15|4800|8.231
DATA|15|4900|8.188
DATA|15|5000|8.243
LID_CLOSED|15
EVENT_END|15|8.895|8.059|0.836
LABEL|15|ONE
TRIGGER|SYNTHETIC|16
EVENT_START|16|8.269
DATA|16|0|8.243
DATA|16|100|8.230
DATA|16|200|8.298
DATA|16|300|8.253
DATA|16|400|8.327
DATA|16|500|8.095
DATA|16|600|8.157
DATA|16|700|8.165
DATA|16|800|8.222
DATA|16|900|8.071
DATA|16|1000|8.017
DATA|16|1100|8.079
DATA|16|1200|9.276
DATA|16|1300|14.231
DATA|16|1400|22.287
DATA|16|1500|28.921
DATA|16|1600|32.427
DATA|16|1700|32.094
DATA|16|1800|25.053
DATA|16|1900|14.677
DATA|16|2000|8.512
DATA|16|2100|7.697
DATA|16|2200|7.687
DATA|16|2300|7.528
DATA|16|2400|7.626
DATA|16|2500|7.722
DATA|16|2600|7.636
DATA|16|2700|7.753
DATA|16|2800|7.569
DATA|16|2900|7.628
DATA|16|3000|7.591
DATA|16|3100|7.556
DATA|16|3200|7.543
DATA|16|3300|7.554
DATA|16|3400|7.493
DATA|16|3500|7.693
DATA|16|3600|7.532
DATA|16|3700|7.492
DATA|16|3800|7.574
DATA|16|3900|7.728
DATA|16|4000|7.484
DATA|16|4100|7.495
DATA|16|4200|7.456
DATA|16|4300|7.604
DATA|16|4400|7.513
DATA|16|4500|7.508
DATA|16|4600|7.443
DATA|16|4700|7.459
DATA|16|4800|7.444
DATA|16|4900|7.455
DATA|16|5000|7.399
LID_CLOSED|16
EVENT_END|16|8.269|7.478|0.791
LABEL|16|ONE
TRIGGER|SYNTHETIC|17
EVENT_START|17|8.572
DATA|17|0|8.560
DATA|17|100|8.612
DATA|17|200|8.684
DATA|17|300|8.651
DATA|17|400|8.516
DATA|17|500|8.459
DATA|17|600|8.433
DATA|17|700|8.398
DATA|17|800|8.471
DATA|17|900|8.514
DATA|17|1000|8.430
DATA|17|1100|10.090
DATA|17|1200|21.491
DATA|17|1300|35.345
DATA|17|1400|41.712
DATA|17|1500|40.693
DATA|17|1600|30.846
DATA|17|1700|15.357
DATA|17|1800|7.624
DATA|17|1900|7.606
DATA|17|2000|7.734
DATA|17|2100|7.618
DATA|17|2200|7.824
DATA|17|2300|7.841
DATA|17|2400|7.713
DATA|17|2500|7.806
DATA|17|2600|7.686
DATA|17|2700|7.737
DATA|17|2800|7.889
DATA|17|2900|7.809
DATA|17|3000|7.682
DATA|17|3100|7.648
DATA|17|3200|7.696
DATA|17|3300|7.886
DATA|17|3400|7.903
DATA|17|3500|7.832
DATA|17|3600|7.778
DATA|17|3700|7.856
DATA|17|3800|7.767
DATA|17|3900|7.823
DATA|17|4000|7.800
DATA|17|4100|7.904
DATA|17|4200|7.838
DATA|17|4300|7.684
DATA|17|4400|7.647
DATA|17|4500|7.738
DATA|17|4600|7.783
DATA|17|4700|7.763
DATA|17|4800|7.713
DATA|17|4900|7.792
DATA|17|5000|8.007
LID_CLOSED|17
EVENT_END|17|8.572|7.766|0.806
LABEL|17|ONE
TRIGGER|SYNTHETIC|18
EVENT_START|18|8.269
DATA|18|0|8.257
DATA|18|100|8.294
DATA|18|200|8.271
DATA|18|300|8.151
DATA|18|400|8.075
DATA|18|500|8.092
DATA|18|600|8.053
DATA|18|700|7.942
DATA|18|800|8.088
DATA|18|900|11.004
DATA|18|1000|17.979
DATA|18|1100|23.561
DATA|18|1200|27.295
DATA|18|1300|28.173
DATA|18|1400|12.034
DATA|18|1500|7.470
DATA|18|1600|7.330
DATA|18|1700|7.268
DATA|18|1800|7.487
DATA|18|1900|7.476
DATA|18|2000|7.386
DATA|18|2100|7.396
DATA|18|2200|7.465
DATA|18|2300|7.428
DATA|18|2400|7.534
DATA|18|2500|7.495
DATA|18|2600|7.471
DATA|18|2700|7.373
DATA|18|2800|7.474
DATA|18|2900|7.441
DATA|18|3000|7.563
DATA|18|3100|7.577
DATA|18|3200|7.517
DATA|18|3300|7.360
DATA|18|3400|7.370
DATA|18|3500|7.517
DATA|18|3600|7.416
DATA|18|3700|7.360
DATA|18|3800|7.382
DATA|18|3900|7.283
DATA|18|4000|7.310
DATA|18|4100|7.478
DATA|18|4200|7.324
DATA|18|4300|7.412
DATA|18|4400|7.347
DATA|18|4500|7.281
DATA|18|4600|7.295
DATA|18|4700|7.375
DATA|18|4800|7.351
DATA|18|4900|7.400
DATA|18|5000|7.343
LID_CLOSED|18
EVENT_END|18|8.269|7.351|0.919
LABEL|18|ONE
TRIGGER|SYNTHETIC|19
EVENT_START|19|8.895
DATA|19|0|8.827
DATA|19|100|8.754
DATA|19|200|8.796
DATA|19|300|8.732
DATA|19|400|8.869
DATA|19|500|8.823
DATA|19|600|8.835
DATA|19|700|8.748
DATA|19|800|8.638
DATA|19|900|8.696
DATA|19|1000|10.714
DATA|19|1100|15.818
DATA|19|1200|21.426
DATA|19|1300|25.278
DATA|19|1400|21.835
DATA|19|1500|11.406
DATA|19|1600|8.154
DATA|19|1700|8.158
DATA|19|1800|8.248
DATA|19|1900|8.219
DATA|19|2000|8.129
DATA|19|2100|8.172
DATA|19|2200|8.135
DATA|19|2300|8.156
DATA|19|2400|8.052
DATA|19|2500|8.105
DATA|19|2600|8.128
DATA|19|2700|8.195
DATA|19|2800|8.112
DATA|19|2900|8.135
DATA|19|3000|8.075
DATA|19|3100|8.173
DATA|19|3200|8.242
DATA|19|3300|8.308
DATA|19|3400|8.167
DATA|19|3500|8.028
DATA|19|3600|8.103
DATA|19|3700|8.077
DATA|19|3800|7.972
DATA|19|3900|8.032
DATA|19|4000|8.214
DATA|19|4100|8.102
DATA|19|4200|8.097
DATA|19|4300|8.162
DATA|19|4400|8.050
DATA|19|4500|8.036
DATA|19|4600|8.123
DATA|19|4700|8.064
DATA|19|4800|8.118
DATA|19|4900|8.082
DATA|19|5000|8.006
LID_CLOSED|19
EVENT_END|19|8.895|8.080|0.815
LABEL|19|ONE
TRIGGER|SYNTHETIC|20
EVENT_START|20|8.202
DATA|20|0|8.166
DATA|20|100|8.154
DATA|20|200|8.081
DATA|20|300|8.029
DATA|20|400|8.023
DATA|20|500|8.087
DATA|20|600|8.028
DATA|20|700|9.369
DATA|20|800|19.893
DATA|20|900|45.606
DATA|20|1000|77.995
DATA|20|1100|97.753
DATA|20|1200|64.371
DATA|20|1300|33.107
DATA|20|1400|12.349
DATA|20|1500|7.569
DATA|20|1600|7.413
DATA|20|1700|7.461
DATA|20|1800|7.436
DATA|20|1900|7.424
DATA|20|2000|7.443
DATA|20|2100|7.534
DATA|20|2200|7.472
DATA|20|2300|7.474
DATA|20|2400|7.431
DATA|20|2500|7.517
DATA|20|2600|7.543
DATA|20|2700|7.489
DATA|20|2800|7.462
DATA|20|2900|7.444
DATA|20|3000|7.482
DATA|20|3100|7.392
DATA|20|3200|7.368
DATA|20|3300|7.435
DATA|20|3400|7.543
DATA|20|3500|7.640
DATA|20|3600|7.572
DATA|20|3700|7.425
DATA|20|3800|7.464
DATA|20|3900|7.373
DATA|20|4000|7.436
DATA|20|4100|7.243
DATA|20|4200|7.369
DATA|20|4300|7.350
DATA|20|4400|7.359
DATA|20|4500|7.470
DATA|20|4600|7.468
DATA|20|4700|7.526
DATA|20|4800|7.358
DATA|20|4900|7.364
DATA|20|5000|7.428
LID_CLOSED|20
EVENT_END|20|8.202|7.415|0.787
LABEL|20|ONE
TRIGGER|SYNTHETIC|21
EVENT_START|21|8.436
DATA|21|0|8.427
DATA|21|100|8.397
DATA|21|200|8.346
DATA|21|300|8.487
DATA|21|400|8.409
DATA|21|500|8.349
DATA|21|600|8.342
DATA|21|700|8.261
DATA|21|800|10.374
DATA|21|900|19.617
DATA|21|1000|33.343
DATA|21|1100|44.589
DATA|21|1200|51.359
DATA|21|1300|52.101
DATA|21|1400|48.197
DATA|21|1500|47.997
DATA|21|1600|53.255
DATA|21|1700|55.716
DATA|21|1800|56.396
DATA|21|1900|60.132
DATA|21|2000|65.755
DATA|21|2100|71.816
DATA|21|2200|67.742
DATA|21|2300|53.851
DATA|21|2400|36.077
DATA|21|2500|17.796
DATA|21|2600|8.471
DATA|21|2700|7.539
DATA|21|2800|7.449
DATA|21|2900|7.437
DATA|21|3000|7.439
DATA|21|3100|7.414
DATA|21|3200|7.312
DATA|21|3300|7.256
DATA|21|3400|7.205
DATA|21|3500|7.199
DATA|21|3600|7.297
DATA|21|3700|7.210
DATA|21|3800|7.171
DATA|21|3900|7.164
DATA|21|4000|7.135
DATA|21|4100|7.046
DATA|21|4200|7.123
DATA|21|4300|7.035
DATA|21|4400|7.018
DATA|21|4500|7.054
DATA|21|4600|6.993
DATA|21|4700|6.826
DATA|21|4800|6.836
DATA|21|4900|6.811
DATA|21|5000|6.760
LID_CLOSED|21
EVENT_END|21|8.436|6.917|1.519
LABEL|21|TWO
TRIGGER|SYNTHETIC|22
EVENT_START|22|8.578
DATA|22|0|8.639
DATA|22|100|8.548
DATA|22|200|8.555
DATA|22|300|8.545
DATA|22|400|8.506
DATA|22|500|8.577
DATA|22|600|11.582
DATA|22|700|24.973
DATA|22|800|27.969
DATA|22|900|28.944
DATA|22|1000|26.097
DATA|22|1100|14.662
DATA|22|1200|8.200
DATA|22|1300|7.916
DATA|22|1400|7.910
DATA|22|1500|7.966
DATA|22|1600|7.859
DATA|22|1700|7.823
DATA|22|1800|7.849
DATA|22|1900|10.128
DATA|22|2000|17.827
DATA|22|2100|25.909
DATA|22|2200|27.288
DATA|22|2300|18.078
DATA|22|2400|9.553
DATA|22|2500|7.365
DATA|22|2600|7.246
DATA|22|2700|7.439
DATA|22|2800|7.264
DATA|22|2900|7.285
DATA|22|3000|7.284
DATA|22|3100|7.273
DATA|22|3200|7.206
DATA|22|3300|7.306
DATA|22|3400|7.283
DATA|22|3500|7.327
DATA|22|3600|7.308
DATA|22|3700|7.267
DATA|22|3800|7.231
DATA|22|3900|7.155
DATA|22|4000|7.157
DATA|22|4100|7.023
DATA|22|4200|7.142
DATA|22|4300|7.094
DATA|22|4400|6.971
DATA|22|4500|6.945
DATA|22|4600|6.929
DATA|22|4700|7.043
DATA|22|4800|7.043
DATA|22|4900|6.941
DATA|22|5000|6.956
LID_CLOSED|22
EVENT_END|22|8.578|6.990|1.588
LABEL|22|TWO
TRIGGER|SYNTHETIC|23
EVENT_START|23|8.263
DATA|23|0|8.317
DATA|23|100|8.416
DATA|23|200|8.364
DATA|23|300|8.265
DATA|23|400|8.099
DATA|23|500|8.143
DATA|23|600|10.547
DATA|23|700|32.741
DATA|23|800|57.650
DATA|23|900|59.022
DATA|23|1000|51.479
DATA|23|1100|48.613
DATA|23|1200|25.336
DATA|23|1300|7.990
DATA|23|1400|7.387
DATA|23|1500|7.404
DATA|23|1600|7.197
DATA|23|1700|7.203
DATA|23|1800|19.574
DATA|23|1900|39.123
DATA|23|2000|42.994
DATA|23|2100|30.783
DATA|23|2200|9.702
DATA|23|2300|6.355
DATA|23|2400|6.218
DATA|23|2500|6.250
DATA|23|2600|6.538
DATA|23|2700|6.431
DATA|23|2800|6.467
DATA|23|2900|6.324
DATA|23|3000|6.349
DATA|23|3100|6.258
DATA|23|3200|6.345
DATA|23|3300|6.313
DATA|23|3400|6.401
DATA|23|3500|6.499
DATA|23|3600|6.361
DATA|23|3700|6.269
DATA|23|3800|6.321
DATA|23|3900|6.483
DATA|23|4000|6.321
DATA|23|4100|6.453
DATA|23|4200|6.451
DATA|23|4300|6.578
DATA|23|4400|6.504
DATA|23|4500|6.629
DATA|23|4600|6.521
DATA|23|4700|6.520
DATA|23|4800|6.612
DATA|23|4900|6.613
DATA|23|5000|6.584
LID_CLOSED|23
EVENT_END|23|8.263|6.570|1.693
LABEL|23|TWO
TRIGGER|SYNTHETIC|24
EVENT_START|24|8.534
DATA|24|0|8.475
DATA|24|100|8.523
DATA|24|200|8.547
DATA|24|300|8.571
DATA|24|400|8.473
DATA|24|500|8.489
DATA|24|600|8.569
DATA|24|700|10.809
DATA|24|800|18.910
DATA|24|900|32.677
DATA|24|1000|43.693
DATA|24|1100|48.947
DATA|24|1200|31.951
DATA|24|1300|13.371
DATA|24|1400|7.624
DATA|24|1500|6.921
DATA|24|1600|6.960
DATA|24|1700|6.982
DATA|24|1800|6.986
DATA|24|1900|6.985
DATA|24|2000|6.875
DATA|24|2100|6.903
DATA|24|2200|7.040
DATA|24|2300|7.029
DATA|24|2400|6.964
DATA|24|2500|7.072
DATA|24|2600|6.916
DATA|24|2700|6.978
DATA|24|2800|7.004
DATA|24|2900|7.014
DATA|24|3000|7.025
DATA|24|3100|7.028
DATA|24|3200|7.002
DATA|24|3300|6.964
DATA|24|3400|6.952
DATA|24|3500|6.953
DATA|24|3600|6.981
DATA|24|3700|6.884
DATA|24|3800|6.953
DATA|24|3900|7.134
DATA|24|4000|7.083
DATA|24|4100|7.116
DATA|24|4200|6.928
DATA|24|4300|6.885
DATA|24|4400|6.898
DATA|24|4500|6.910
DATA|24|4600|6.911
DATA|24|4700|6.994
DATA|24|4800|7.032
DATA|24|4900|7.103
DATA|24|5000|7.125
LID_CLOSED|24
EVENT_END|24|8.534|6.982|1.552
LABEL|24|TWO
TRIGGER|SYNTHETIC|25
EVENT_START|25|8.393
DATA|25|0|8.282
DATA|25|100|8.429
DATA|25|200|8.323
DATA|25|300|8.234
DATA|25|400|8.453
DATA|25|500|8.387
DATA|25|600|8.331
DATA|25|700|8.149
DATA|25|800|8.897
DATA|25|900|19.132
DATA|25|1000|44.318
DATA|25|1100|44.240
DATA|25|1200|29.734
DATA|25|1300|20.267
DATA|25|1400|13.416
DATA|25|1500|15.802
DATA|25|1600|30.945
DATA|25|1700|26.609
DATA|25|1800|9.987
DATA|25|1900|7.157
DATA|25|2000|7.142
DATA|25|2100|7.275
DATA|25|2200|7.396
DATA|25|2300|8.489
DATA|25|2400|31.357
DATA|25|2500|59.504
DATA|25|2600|70.836
DATA|25|2700|66.543
DATA|25|2800|56.763
DATA|25|2900|32.702
DATA|25|3000|11.436
DATA|25|3100|6.425
DATA|25|3200|6.298
DATA|25|3300|6.419
DATA|25|3400|6.527
DATA|25|3500|6.615
DATA|25|3600|6.659
DATA|25|3700|6.558
DATA|25|3800|6.535
DATA|25|3900|6.612
DATA|25|4000|6.621
DATA|25|4100|6.642
DATA|25|4200|6.559
DATA|25|4300|6.711
DATA|25|4400|6.691
DATA|25|4500|6.657
DATA|25|4600|6.527
DATA|25|4700|6.644
DATA|25|4800|6.701
DATA|25|4900|6.826
DATA|25|5000|6.869
LID_CLOSED|25
EVENT_END|25|8.393|6.703|1.690
LABEL|25|TWO
TRIGGER|SYNTHETIC|26
EVENT_START|26|8.120
DATA|26|0|8.073
DATA|26|100|8.093
DATA|26|200|8.093
DATA|26|300|8.271
DATA|26|400|8.068
DATA|26|500|8.049
DATA|26|600|8.045
DATA|26|700|9.206
DATA|26|800|18.967
DATA|26|900|36.906
DATA|26|1000|51.719
DATA|26|1100|60.484
DATA|26|1200|59.429
DATA|26|1300|54.179
DATA|26|1400|58.895
DATA|26|1500|64.183
DATA|26|1600|64.919
DATA|26|1700|68.625
DATA|26|1800|75.688
DATA|26|1900|84.243
DATA|26|2000|78.198
DATA|26|2100|58.811
DATA|26|2200|35.080
DATA|26|2300|14.567
DATA|26|2400|7.019
DATA|26|2500|7.008
DATA|26|2600|6.933
DATA|26|2700|6.868
DATA|26|2800|6.827
DATA|26|2900|6.866
DATA|26|3000|6.671
DATA|26|3100|6.839
DATA|26|3200|6.765
DATA|26|3300|6.761
DATA|26|3400|6.858
DATA|26|3500|6.677
DATA|26|3600|6.799
DATA|26|3700|6.726
DATA|26|3800|6.757
DATA|26|3900|6.756
DATA|26|4000|6.660
DATA|26|4100|6.726
DATA|26|4200|6.655
DATA|26|4300|6.499
DATA|26|4400|6.537
DATA|26|4500|6.465
DATA|26|4600|6.504
DATA|26|4700|6.512
DATA|26|4800|6.297
DATA|26|4900|6.417
DATA|26|5000|6.394
LID_CLOSED|26
EVENT_END|26|8.120|6.453|1.667
LABEL|26|TWO
TRIGGER|SYNTHETIC|27
EVENT_START|27|8.683
DATA|27|0|8.742
DATA|27|100|8.729
DATA|27|200|8.739
DATA|27|300|8.586
DATA|27|400|8.567
DATA|27|500|8.754
DATA|27|600|8.639
DATA|27|700|8.496
DATA|27|800|8.291
DATA|27|900|11.811
DATA|27|1000|38.041
DATA|27|1100|48.729
DATA|27|1200|37.636
DATA|27|1300|25.806
DATA|27|1400|18.326
DATA|27|1500|11.566
DATA|27|1600|21.699
DATA|27|1700|34.981
DATA|27|1800|21.855
DATA|27|1900|9.457
DATA|27|2000|7.461
DATA|27|2100|7.441
DATA|27|2200|7.630
DATA|27|2300|7.603
DATA|27|2400|8.658
DATA|27|2500|28.847
DATA|27|2600|58.223
DATA|27|2700|71.991
DATA|27|2800|70.654
DATA|27|2900|61.366
DATA|27|3000|43.218
DATA|27|3100|18.572
DATA|27|3200|7.069
DATA|27|3300|6.491
DATA|27|3400|6.702
DATA|27|3500|6.738
DATA|27|3600|6.895
DATA|27|3700|7.008
DATA|27|3800|6.878
DATA|27|3900|6.822
DATA|27|4000|6.768
DATA|27|4100|6.900
DATA|27|4200|6.914
DATA|27|4300|6.904
DATA|27|4400|7.031
DATA|27|4500|6.951
DATA|27|4600|7.026
DATA|27|4700|7.130
DATA|27|4800|6.880
DATA|27|4900|7.069
DATA|27|5000|7.208
LID_CLOSED|27
EVENT_END|27|8.683|7.025|1.658
LABEL|27|TWO
TRIGGER|SYNTHETIC|28
EVENT_START|28|8.202
DATA|28|0|8.240
DATA|28|100|8.227
DATA|28|200|8.243
DATA|28|300|8.139
DATA|28|400|8.035
DATA|28|500|8.105
DATA|28|600|8.019
DATA|28|700|8.069
DATA|28|800|12.507
DATA|28|900|32.158
DATA|28|1000|56.468
DATA|28|1100|75.526
DATA|28|1200|77.467
DATA|28|1300|66.638
DATA|28|1400|31.040
DATA|28|1500|8.532
DATA|28|1600|6.669
DATA|28|1700|6.701
DATA|28|1800|6.613
DATA|28|1900|6.757
DATA|28|2000|6.812
DATA|28|2100|6.899
DATA|28|2200|6.870
DATA|28|2300|6.744
DATA|28|2400|6.570
DATA|28|2500|6.689
DATA|28|2600|6.792
DATA|28|2700|6.667
DATA|28|2800|6.774
DATA|28|2900|6.731
DATA|28|3000|6.697
DATA|28|3100|6.678
DATA|28|3200|6.669
DATA|28|3300|6.663
DATA|28|3400|6.592
DATA|28|3500|6.692
DATA|28|3600|6.589
DATA|28|3700|6.717
DATA|28|3800|6.709
DATA|28|3900|6.730
DATA|28|4000|6.813
DATA|28|4100|6.778
DATA|28|4200|6.754
DATA|28|4300|6.545
DATA|28|4400|6.566
DATA|28|4500|6.595
DATA|28|4600|6.647
DATA|28|4700|6.581
DATA|28|4800|6.486
DATA|28|4900|6.706
DATA|28|5000|6.646
LID_CLOSED|28
EVENT_END|28|8.202|6.597|1.605
LABEL|28|TWO
TRIGGER|SYNTHETIC|29
EVENT_START|29|8.311
DATA|29|0|8.320
DATA|29|100|8.451
DATA|29|200|8.477
DATA|29|300|8.313
DATA|29|400|8.323
DATA|29|500|8.204
DATA|29|600|7.988
DATA|29|700|8.084
DATA|29|800|9.281
DATA|29|900|29.245
DATA|29|1000|68.964
DATA|29|1100|102.073
DATA|29|1200|114.386
DATA|29|1300|101.580
DATA|29|1400|86.583
DATA|29|1500|81.733
DATA|29|1600|83.361
DATA|29|1700|65.506
DATA|29|1800|34.973
DATA|29|1900|9.090
DATA|29|2000|6.572
DATA|29|2100|6.583
DATA|29|2200|6.397
DATA|29|2300|6.555
DATA|29|2400|6.521
DATA|29|2500|6.510
DATA|29|2600|6.404
DATA|29|2700|6.478
DATA|29|2800|6.625
DATA|29|2900|6.507
DATA|29|3000|6.566
DATA|29|3100|6.592
DATA|29|3200|6.568
DATA|29|3300|6.540
DATA|29|3400|6.483
DATA|29|3500|6.645
DATA|29|3600|6.702
DATA|29|3700|6.528
DATA|29|3800|6.565
DATA|29|3900|6.587
DATA|29|4000|6.547
DATA|29|4100|6.483
DATA|29|4200|6.529
DATA|29|4300|6.558
DATA|29|4400|6.683
DATA|29|4500|6.685
DATA|29|4600|6.719
DATA|29|4700|6.728
DATA|29|4800|6.724
DATA|29|4900|6.759
DATA|29|5000|6.729
LID_CLOSED|29
EVENT_END|29|8.311|6.698|1.613
LABEL|29|TWO
TRIGGER|SYNTHETIC|30
EVENT_START|30|8.057
DATA|30|0|8.054
DATA|30|100|8.074
DATA|30|200|8.007
DATA|30|300|7.914
DATA|30|400|7.814
DATA|30|500|9.412
DATA|30|600|23.772
DATA|30|700|36.701
DATA|30|800|40.107
DATA|30|900|38.393
DATA|30|1000|20.351
DATA|30|1100|7.582
DATA|30|1200|7.005
DATA|30|1300|7.045
DATA|30|1400|6.979
DATA|30|1500|6.879
DATA|30|1600|6.753
DATA|30|1700|7.329
DATA|30|1800|15.644
DATA|30|1900|30.373
DATA|30|2000|40.388
DATA|30|2100|27.861
DATA|30|2200|10.661
DATA|30|2300|6.072
DATA|30|2400|5.968
DATA|30|2500|5.990
DATA|30|2600|5.877
DATA|30|2700|5.860
DATA|30|2800|5.998
DATA|30|2900|5.938
DATA|30|3000|5.988
DATA|30|3100|5.999
DATA|30|3200|5.885
DATA|30|3300|6.148
DATA|30|3400|6.120
DATA|30|3500|6.128
DATA|30|3600|6.140
DATA|30|3700|6.034
DATA|30|3800|6.074
DATA|30|3900|6.046
DATA|30|4000|6.041
DATA|30|4100|6.063
DATA|30|4200|6.016
DATA|30|4300|6.070
DATA|30|4400|6.123
DATA|30|4500|6.302
DATA|30|4600|6.229
DATA|30|4700|6.207
DATA|30|4800|6.373
DATA|30|4900|6.319
DATA|30|5000|6.309
LID_CLOSED|30
EVENT_END|30|8.057|6.242|1.815
LABEL|30|TWO
TRIGGER|SYNTHETIC|31
EVENT_START|31|8.590
DATA|31|0|8.492
DATA|31|100|8.728
DATA|31|200|8.661
DATA|31|300|8.611
DATA|31|400|8.572
DATA|31|500|8.297
DATA|31|600|8.679
DATA|31|700|8.665
DATA|31|800|8.667
DATA|31|900|10.174
DATA|31|1000|18.669
DATA|31|1100|36.725
DATA|31|1200|48.549
DATA|31|1300|42.893
DATA|31|1400|34.616
DATA|31|1500|25.906
DATA|31|1600|25.598
DATA|31|1700|19.256
DATA|31|1800|11.700
DATA|31|1900|8.437
DATA|31|2000|7.904
DATA|31|2100|7.791
DATA|31|2200|7.910
DATA|31|2300|7.831
DATA|31|2400|7.640
DATA|31|2500|7.665
DATA|31|2600|7.913
DATA|31|2700|7.765
DATA|31|2800|7.712
DATA|31|2900|7.645
DATA|31|3000|8.020
DATA|31|3100|12.327
DATA|31|3200|11.722
DATA|31|3300|9.096
DATA|31|3400|8.534
DATA|31|3500|8.586
DATA|31|3600|8.421
DATA|31|3700|8.603
DATA|31|3800|8.692
DATA|31|3900|8.471
DATA|31|4000|8.645
DATA|31|4100|8.709
DATA|31|4200|8.592
DATA|31|4300|8.580
DATA|31|4400|8.611
DATA|31|4500|8.651
DATA|31|4600|8.585
DATA|31|4700|8.565
DATA|31|4800|8.393
DATA|31|4900|8.558
DATA|31|5000|8.493
LID_CLOSED|31
EVENT_END|31|8.590|8.555|0.036
LABEL|31|RETURN
TRIGGER|SYNTHETIC|32
EVENT_START|32|8.763
DATA|32|0|8.657
DATA|32|100|8.558
DATA|32|200|8.554
DATA|32|300|8.652
DATA|32|400|8.766
DATA|32|500|8.663
DATA|32|600|9.263
DATA|32|700|25.362
DATA|32|800|48.097
DATA|32|900|37.280
DATA|32|1000|34.516
DATA|32|1100|36.745
DATA|32|1200|33.776
DATA|32|1300|20.967
DATA|32|1400|10.600
DATA|32|1500|7.902
DATA|32|1600|7.856
DATA|32|1700|7.741
DATA|32|1800|7.818
DATA|32|1900|7.840
DATA|32|2000|7.943
DATA|32|2100|7.922
DATA|32|2200|7.803
DATA|32|2300|7.827
DATA|32|2400|7.821
DATA|32|2500|9.294
DATA|32|2600|14.952
DATA|32|2700|16.142
DATA|32|2800|11.278
DATA|32|2900|8.622
DATA|32|3000|8.730
DATA|32|3100|8.745
DATA|32|3200|8.808
DATA|32|3300|8.651
DATA|32|3400|8.681
DATA|32|3500|8.768
DATA|32|3600|8.812
DATA|32|3700|8.816
DATA|32|3800|8.687
DATA|32|3900|8.889
DATA|32|4000|8.878
DATA|32|4100|8.831
DATA|32|4200|8.962
DATA|32|4300|8.912
DATA|32|4400|8.891
DATA|32|4500|8.715
DATA|32|4600|8.729
DATA|32|4700|8.794
DATA|32|4800|8.739
DATA|32|4900|8.920
DATA|32|5000|8.950
LID_CLOSED|32
EVENT_END|32|8.763|8.831|-0.068
LABEL|32|RETURN
TRIGGER|SYNTHETIC|33
EVENT_START|33|8.813
DATA|33|0|8.758
DATA|33|100|8.653
DATA|33|200|8.598
DATA|33|300|8.684
DATA|33|400|8.817
DATA|33|500|8.597
DATA|33|600|9.867
DATA|33|700|28.437
DATA|33|800|51.549
DATA|33|900|36.456
DATA|33|1000|35.426
DATA|33|1100|37.983
DATA|33|1200|33.156
DATA|33|1300|18.223
DATA|33|1400|8.826
DATA|33|1500|7.740
DATA|33|1600|7.831
DATA|33|1700|7.810
DATA|33|1800|7.978
DATA|33|1900|7.979
DATA|33|2000|7.942
DATA|33|2100|7.941
DATA|33|2200|7.821
DATA|33|2300|7.925
DATA|33|2400|8.091
DATA|33|2500|11.005
DATA|33|2600|17.718
DATA|33|2700|14.924
DATA|33|2800|8.757
DATA|33|2900|8.739
DATA|33|3000|8.838
DATA|33|3100|8.877
DATA|33|3200|8.864
DATA|33|3300|8.679
DATA|33|3400|8.832
DATA|33|3500|8.843
DATA|33|3600|8.862
DATA|33|3700|8.958
DATA|33|3800|8.988
DATA|33|3900|8.890
DATA|33|4000|8.911
DATA|33|4100|8.953
DATA|33|4200|9.135
DATA|33|4300|9.007
DATA|33|4400|8.778
DATA|33|4500|8.785
DATA|33|4600|8.820
DATA|33|4700|8.815
DATA|33|4800|8.864
DATA|33|4900|9.053
DATA|33|5000|9.036
LID_CLOSED|33
EVENT_END|33|8.813|8.895|-0.081
LABEL|33|RETURN
TRIGGER|SYNTHETIC|34
EVENT_START|34|8.307
DATA|34|0|8.338
DATA|34|100|8.340
DATA|34|200|8.177
DATA|34|300|8.233
DATA|34|400|8.101
DATA|34|500|8.115
DATA|34|600|11.940
DATA|34|700|23.203
DATA|34|800|31.110
DATA|34|900|33.193
DATA|34|1000|10.634
DATA|34|1100|7.539
DATA|34|1200|7.513
DATA|34|1300|7.613
DATA|34|1400|7.618
DATA|34|1500|7.556
DATA|34|1600|7.510
DATA|34|1700|20.826
DATA|34|1800|25.923
DATA|34|1900|20.251
DATA|34|2000|10.401
DATA|34|2100|8.266
DATA|34|2200|8.227
DATA|34|2300|8.233
DATA|34|2400|8.282
DATA|34|2500|8.519
DATA|34|2600|8.429
DATA|34|2700|8.339
DATA|34|2800|8.419
DATA|34|2900|8.405
DATA|34|3000|8.324
DATA|34|3100|8.487
DATA|34|3200|8.292
DATA|34|3300|8.282
DATA|34|3400|8.395
DATA|34|3500|8.351
DATA|34|3600|8.286
DATA|34|3700|8.312
DATA|34|3800|8.252
DATA|34|3900|8.428
DATA|34|4000|8.256
DATA|34|4100|8.328
DATA|34|4200|8.241
DATA|34|4300|8.318
DATA|34|4400|8.298
DATA|34|4500|8.457
DATA|34|4600|8.321
DATA|34|4700|8.305
DATA|34|4800|8.377
DATA|34|4900|8.403
DATA|34|5000|8.233
LID_CLOSED|34
EVENT_END|34|8.307|8.339|-0.032
LABEL|34|RETURN
TRIGGER|SYNTHETIC|35
EVENT_START|35|8.128
DATA|35|0|8.253
DATA|35|100|8.210
DATA|35|200|8.156
DATA|35|300|7.961
DATA|35|400|8.096
DATA|35|500|8.136
DATA|35|600|8.046
DATA|35|700|7.937
DATA|35|800|7.807
DATA|35|900|19.634
DATA|35|1000|51.129
DATA|35|1100|65.425
DATA|35|1200|58.857
DATA|35|1300|42.532
DATA|35|1400|18.362
DATA|35|1500|8.044
DATA|35|1600|7.306
DATA|35|1700|7.327
DATA|35|1800|7.401
DATA|35|1900|7.218
DATA|35|2000|7.317
DATA|35|2100|7.284
DATA|35|2200|7.696
DATA|35|2300|7.863
DATA|35|2400|7.712
DATA|35|2500|7.851
DATA|35|2600|7.988
DATA|35|2700|8.053
DATA|35|2800|8.124
DATA|35|2900|8.039
DATA|35|3000|8.036
DATA|35|3100|8.222
DATA|35|3200|8.115
DATA|35|3300|8.081
DATA|35|3400|8.028
DATA|35|3500|8.159
DATA|35|3600|8.186
DATA|35|3700|8.250
DATA|35|3800|8.137
DATA|35|3900|8.132
DATA|35|4000|8.137
DATA|35|4100|8.121
DATA|35|4200|8.148
DATA|35|4300|8.131
DATA|35|4400|8.197
DATA|35|4500|8.184
DATA|35|4600|8.246
DATA|35|4700|8.180
DATA|35|4800|8.252
DATA|35|4900|8.205
DATA|35|5000|8.298
LID_CLOSED|35
EVENT_END|35|8.128|8.211|-0.084
LABEL|35|RETURN
TRIGGER|SYNTHETIC|36
EVENT_START|36|8.436
DATA|36|0|8.393
DATA|36|100|8.394
DATA|36|200|8.366
DATA|36|300|8.326
DATA|36|400|8.408
DATA|36|500|8.382
DATA|36|600|8.371
DATA|36|700|8.402
DATA|36|800|8.380
DATA|36|900|8.416
DATA|36|1000|26.313
DATA|36|1100|43.946
DATA|36|1200|33.400
DATA|36|1300|18.045
DATA|36|1400|25.859
DATA|36|1500|44.067
DATA|36|1600|51.576
DATA|36|1700|28.342
DATA|36|1800|9.574
DATA|36|1900|7.715
DATA|36|2000|7.746
DATA|36|2100|7.753
DATA|36|2200|7.804
DATA|36|2300|7.767
DATA|36|2400|7.795
DATA|36|2500|7.805
DATA|36|2600|7.753
DATA|36|2700|7.789
DATA|36|2800|7.651
DATA|36|2900|7.611
DATA|36|3000|7.654
DATA|36|3100|7.666
DATA|36|3200|10.889
DATA|36|3300|20.494
DATA|36|3400|14.419
DATA|36|3500|8.768
DATA|36|3600|8.372
DATA|36|3700|8.373
DATA|36|3800|8.406
DATA|36|3900|8.466
DATA|36|4000|8.466
DATA|36|4100|8.462
DATA|36|4200|8.334
DATA|36|4300|8.492
DATA|36|4400|8.532
DATA|36|4500|8.368
DATA|36|4600|8.503
DATA|36|4700|8.413
DATA|36|4800|8.421
DATA|36|4900|8.377
DATA|36|5000|8.392
LID_CLOSED|36
EVENT_END|36|8.436|8.437|-0.001
LABEL|36|RETURN
TRIGGER|SYNTHETIC|37
EVENT_START|37|8.155
DATA|37|0|8.050
DATA|37|100|8.092
DATA|37|200|8.170
DATA|37|300|8.045
DATA|37|400|8.187
DATA|37|500|8.141
DATA|37|600|8.155
DATA|37|700|8.741
DATA|37|800|16.144
DATA|37|900|17.834
DATA|37|1000|11.801
DATA|37|1100|26.587
DATA|37|1200|41.542
DATA|37|1300|37.409
DATA|37|1400|31.546
DATA|37|1500|25.650
DATA|37|1600|15.568
DATA|37|1700|7.440
DATA|37|1800|7.392
DATA|37|1900|7.487
DATA|37|2000|7.481
DATA|37|2100|7.527
DATA|37|2200|7.484
DATA|37|2300|7.473
DATA|37|2400|7.569
DATA|37|2500|7.376
DATA|37|2600|7.495
DATA|37|2700|7.507
DATA|37|2800|7.562
DATA|37|2900|7.519
DATA|37|3000|7.323
DATA|37|3100|7.744
DATA|37|3200|12.123
DATA|37|3300|18.777
DATA|37|3400|16.415
DATA|37|3500|9.439
DATA|37|3600|8.126
DATA|37|3700|8.102
DATA|37|3800|8.234
DATA|37|3900|8.107
DATA|37|4000|8.121
DATA|37|4100|8.181
DATA|37|4200|8.130
DATA|37|4300|8.121
DATA|37|4400|8.115
DATA|37|4500|8.243
DATA|37|4600|8.173
DATA|37|4700|8.179
DATA|37|4800|8.130
DATA|37|4900|8.166
DATA|37|5000|8.144
LID_CLOSED|37
EVENT_END|37|8.155|8.159|-0.004
LABEL|37|RETURN
TRIGGER|SYNTHETIC|38
EVENT_START|38|8.382
DATA|38|0|8.263
DATA|38|100|8.227
DATA|38|200|8.284
DATA|38|300|8.350
DATA|38|400|8.410
DATA|38|500|8.351
DATA|38|600|8.039
DATA|38|700|7.958
DATA|38|800|8.048
DATA|38|900|10.586
DATA|38|1000|30.004
DATA|38|1100|68.327
DATA|38|1200|91.405
DATA|38|1300|86.842
DATA|38|1400|54.299
DATA|38|1500|22.481
DATA|38|1600|6.992
DATA|38|1700|7.102
DATA|38|1800|7.121
DATA|38|1900|7.120
DATA|38|2000|7.221
DATA|38|2100|7.251
DATA|38|2200|7.115
DATA|38|2300|7.044
DATA|38|2400|7.117
DATA|38|2500|7.264
DATA|38|2600|7.726
DATA|38|2700|8.116
DATA|38|2800|8.178
DATA|38|2900|8.247
DATA|38|3000|8.163
DATA|38|3100|8.368
DATA|38|3200|8.430
DATA|38|3300|8.255
DATA|38|3400|8.324
DATA|38|3500|8.415
DATA|38|3600|8.366
DATA|38|3700|8.421
DATA|38|3800|8.409
DATA|38|3900|8.434
DATA|38|4000|8.419
DATA|38|4100|8.464
DATA|38|4200|8.309
DATA|38|4300|8.361
DATA|38|4400|8.427
DATA|38|4500|8.454
DATA|38|4600|8.414
DATA|38|4700|8.514
DATA|38|4800|8.461
DATA|38|4900|8.429
DATA|38|5000|8.410
LID_CLOSED|38
EVENT_END|38|8.382|8.434|-0.051
LABEL|38|RETURN
TRIGGER|SYNTHETIC|39
EVENT_START|39|8.037
DATA|39|0|7.903
DATA|39|100|7.898
DATA|39|200|7.920
DATA|39|300|7.851
DATA|39|400|7.813
DATA|39|500|7.879
DATA|39|600|8.163
DATA|39|700|19.283
DATA|39|800|37.134
DATA|39|900|43.383
DATA|39|1000|37.856
DATA|39|1100|18.739
DATA|39|1200|8.320
DATA|39|1300|7.190
DATA|39|1400|7.050
DATA|39|1500|7.007
DATA|39|1600|7.006
DATA|39|1700|7.070
DATA|39|1800|7.010
DATA|39|1900|7.007
DATA|39|2000|7.141
DATA|39|2100|7.075
DATA|39|2200|8.851
DATA|39|2300|15.197
DATA|39|2400|23.039
DATA|39|2500|24.908
DATA|39|2600|17.160
DATA|39|2700|9.506
DATA|39|2800|8.038
DATA|39|2900|7.972
DATA|39|3000|7.975
DATA|39|3100|7.968
DATA|39|3200|7.981
DATA|39|3300|8.173
DATA|39|3400|8.112
DATA|39|3500|8.108
DATA|39|3600|8.033
DATA|39|3700|8.065
DATA|39|3800|8.101
DATA|39|3900|8.070
DATA|39|4000|8.122
DATA|39|4100|8.075
DATA|39|4200|8.113
DATA|39|4300|8.130
DATA|39|4400|8.173
DATA|39|4500|8.036
DATA|39|4600|8.224
DATA|39|4700|8.041
DATA|39|4800|8.080
DATA|39|4900|8.143
DATA|39|5000|8.197
LID_CLOSED|39
EVENT_END|39|8.037|8.128|-0.091
LABEL|39|RETURN
TRIGGER|SYNTHETIC|40
EVENT_START|40|8.916
DATA|40|0|8.829
DATA|40|100|8.962
DATA|40|200|8.895
DATA|40|300|8.757
DATA|40|400|8.835
DATA|40|500|8.806
DATA|40|600|8.938
DATA|40|700|8.933
DATA|40|800|8.858
DATA|40|900|10.689
DATA|40|1000|13.329
DATA|40|1100|26.526
DATA|40|1200|49.712
DATA|40|1300|45.696
DATA|40|1400|33.560
DATA|40|1500|16.998
DATA|40|1600|7.921
DATA|40|1700|7.872
DATA|40|1800|7.900
DATA|40|1900|7.869
DATA|40|2000|7.898
DATA|40|2100|7.812
DATA|40|2200|7.858
DATA|40|2300|7.901
DATA|40|2400|7.908
DATA|40|2500|7.960
DATA|40|2600|8.381
DATA|40|2700|9.081
DATA|40|2800|8.911
DATA|40|2900|8.747
DATA|40|3000|8.915
DATA|40|3100|9.022
DATA|40|3200|8.879
DATA|40|3300|8.957
DATA|40|3400|8.786
DATA|40|3500|8.802
DATA|40|3600|8.872
DATA|40|3700|9.072
DATA|40|3800|8.895
DATA|40|3900|8.967
DATA|40|4000|9.138
DATA|40|4100|9.112
DATA|40|4200|8.951
DATA|40|4300|8.987
DATA|40|4400|8.913
DATA|40|4500|9.096
DATA|40|4600|9.173
DATA|40|4700|9.103
DATA|40|4800|9.083
DATA|40|4900|9.155
DATA|40|5000|9.202
LID_CLOSED|40
EVENT_END|40|8.916|9.089|-0.173
LABEL|40|RETURN
TRIGGER|SYNTHETIC|41
EVENT_START|41|8.282
DATA|41|0|8.308
DATA|41|100|8.243
DATA|41|200|8.313
DATA|41|300|8.315
DATA|41|400|8.301
DATA|41|500|8.192
DATA|41|600|8.017
DATA|41|700|8.045
DATA|41|800|8.029
DATA|41|900|9.600
DATA|41|1000|37.181
DATA|41|1100|70.855
DATA|41|1200|42.596
DATA|41|1300|14.408
DATA|41|1400|8.316
DATA|41|1500|8.107
DATA|41|1600|8.186
DATA|41|1700|8.178
DATA|41|1800|8.252
DATA|41|1900|8.306
DATA|41|2000|8.274
DATA|41|2100|8.385
DATA|41|2200|8.343
DATA|41|2300|8.322
DATA|41|2400|8.390
DATA|41|2500|8.365
DATA|41|2600|8.347
DATA|41|2700|8.290
DATA|41|2800|8.238
DATA|41|2900|8.214
DATA|41|3000|8.383
DATA|41|3100|8.370
DATA|41|3200|8.378
DATA|41|3300|8.351
DATA|41|3400|8.391
DATA|41|3500|8.287
DATA|41|3600|8.327
DATA|41|3700|8.351
DATA|41|3800|8.266
DATA|41|3900|8.348
DATA|41|4000|8.359
DATA|41|4100|8.167
DATA|41|4200|8.213
DATA|41|4300|8.350
DATA|41|4400|8.367
DATA|41|4500|8.530
DATA|41|4600|8.406
DATA|41|4700|8.367
DATA|41|4800|8.413
DATA|41|4900|8.426
DATA|41|5000|8.331
LID_CLOSED|41
EVENT_END|41|8.282|8.399|-0.116
LABEL|41|DISTURBANCE
TRIGGER|SYNTHETIC|42
EVENT_START|42|8.531
DATA|42|0|8.447
DATA|42|100|8.634
DATA|42|200|8.650
DATA|42|300|8.610
DATA|42|400|8.523
DATA|42|500|8.477
DATA|42|600|8.501
DATA|42|700|8.408
DATA|42|800|8.393
DATA|42|900|8.503
DATA|42|1000|8.431
DATA|42|1100|9.088
DATA|42|1200|19.718
DATA|42|1300|25.744
DATA|42|1400|11.023
DATA|42|1500|8.488
DATA|42|1600|8.417
DATA|42|1700|8.589
DATA|42|1800|8.608
DATA|42|1900|8.505
DATA|42|2000|8.594
DATA|42|2100|8.556
DATA|42|2200|8.587
DATA|42|2300|8.564
DATA|42|2400|8.540
DATA|42|2500|8.463
DATA|42|2600|8.541
DATA|42|2700|8.622
DATA|42|2800|8.544
DATA|42|2900|8.526
DATA|42|3000|8.580
DATA|42|3100|8.573
DATA|42|3200|8.586
DATA|42|3300|8.634
DATA|42|3400|8.564
DATA|42|3500|8.616
DATA|42|3600|8.516
DATA|42|3700|8.515
DATA|42|3800|8.510
DATA|42|3900|8.482
DATA|42|4000|8.457
DATA|42|4100|8.459
DATA|42|4200|8.443
DATA|42|4300|8.551
DATA|42|4400|8.554
DATA|42|4500|8.497
DATA|42|4600|8.364
DATA|42|4700|8.491
DATA|42|4800|8.493
DATA|42|4900|8.496
DATA|42|5000|8.406
LID_CLOSED|42
EVENT_END|42|8.531|8.481|0.049
LABEL|42|DISTURBANCE
TRIGGER|SYNTHETIC|43
EVENT_START|43|8.819
DATA|43|0|8.816
DATA|43|100|8.757
DATA|43|200|8.722
DATA|43|300|8.697
DATA|43|400|8.732
DATA|43|500|8.650
DATA|43|600|8.549
DATA|43|700|8.486
DATA|43|800|8.439
DATA|43|900|8.338
DATA|43|1000|9.173
DATA|43|1100|23.387
DATA|43|1200|72.880
DATA|43|1300|140.766
DATA|43|1400|88.675
DATA|43|1500|18.702
DATA|43|1600|8.885
DATA|43|1700|8.718
DATA|43|1800|8.822
DATA|43|1900|8.892
DATA|43|2000|8.808
DATA|43|2100|8.802
DATA|43|2200|8.792
DATA|43|2300|8.734
DATA|43|2400|8.755
DATA|43|2500|8.857
DATA|43|2600|8.712
DATA|43|2700|8.900
DATA|43|2800|8.859
DATA|43|2900|8.874
DATA|43|3000|8.871
DATA|43|3100|8.874
DATA|43|3200|8.929
DATA|43|3300|8.818
DATA|43|3400|8.915
DATA|43|3500|8.772
DATA|43|3600|8.792
DATA|43|3700|8.695
DATA|43|3800|8.672
DATA|43|3900|8.745
DATA|43|4000|8.892
DATA|43|4100|8.944
DATA|43|4200|8.786
DATA|43|4300|8.763
DATA|43|4400|8.778
DATA|43|4500|8.815
DATA|43|4600|8.757
DATA|43|4700|8.760
DATA|43|4800|8.888
DATA|43|4900|8.823
DATA|43|5000|8.769
LID_CLOSED|43
EVENT_END|43|8.819|8.794|0.025
LABEL|43|DISTURBANCE
TRIGGER|SYNTHETIC|44
EVENT_START|44|8.322
DATA|44|0|8.378
DATA|44|100|8.329
DATA|44|200|8.469
DATA|44|300|8.411
DATA|44|400|8.187
DATA|44|500|8.274
DATA|44|600|8.351
DATA|44|700|8.263
DATA|44|800|8.110
DATA|44|900|8.096
DATA|44|1000|8.141
DATA|44|1100|8.067
DATA|44|1200|8.119
DATA|44|1300|18.396
DATA|44|1400|74.832
DATA|44|1500|168.424
DATA|44|1600|317.404
DATA|44|1700|381.212
DATA|44|1800|390.240
DATA|44|1900|303.820
DATA|44|2000|127.366
DATA|44|2100|24.522
DATA|44|2200|8.524
DATA|44|2300|8.450
DATA|44|2400|8.265
DATA|44|2500|8.321
DATA|44|2600|8.313
DATA|44|2700|8.534
DATA|44|2800|8.456
DATA|44|2900|8.322
DATA|44|3000|8.402
DATA|44|3100|8.537
DATA|44|3200|8.352
DATA|44|3300|8.418
DATA|44|3400|8.426
DATA|44|3500|8.346
DATA|44|3600|8.403
DATA|44|3700|8.559
DATA|44|3800|8.393
DATA|44|3900|8.549
DATA|44|4000|8.564
DATA|44|4100|8.458
DATA|44|4200|8.224
DATA|44|4300|8.336
DATA|44|4400|8.305
DATA|44|4500|8.284
DATA|44|4600|8.438
DATA|44|4700|8.584
DATA|44|4800|8.559
DATA|44|4900|8.539
DATA|44|5000|8.580
LID_CLOSED|44
EVENT_END|44|8.322|8.453|-0.131
LABEL|44|DISTURBANCE
TRIGGER|SYNTHETIC|45
EVENT_START|45|8.955
DATA|45|0|8.937
DATA|45|100|8.850
DATA|45|200|8.850
DATA|45|300|8.874
DATA|45|400|8.933
DATA|45|500|8.959
DATA|45|600|8.820
DATA|45|700|8.866
DATA|45|800|8.777
DATA|45|900|8.721
DATA|45|1000|8.752
DATA|45|1100|9.541
DATA|45|1200|20.869
DATA|45|1300|50.685
DATA|45|1400|83.813
DATA|45|1500|44.443
DATA|45|1600|13.729
DATA|45|1700|8.943
DATA|45|1800|8.909
DATA|45|1900|8.907
DATA|45|2000|9.049
DATA|45|2100|8.959
DATA|45|2200|8.888
DATA|45|2300|8.950
DATA|45|2400|8.970
DATA|45|2500|8.919
DATA|45|2600|8.943
DATA|45|2700|8.995
DATA|45|2800|8.922
DATA|45|2900|8.999
DATA|45|3000|8.976
DATA|45|3100|9.032
DATA|45|3200|9.114
DATA|45|3300|9.075
DATA|45|3400|9.041
DATA|45|3500|8.964
DATA|45|3600|9.029
DATA|45|3700|8.998
DATA|45|3800|8.941
DATA|45|3900|8.970
DATA|45|4000|8.947
DATA|45|4100|8.992
DATA|45|4200|9.103
DATA|45|4300|9.088
DATA|45|4400|8.978
DATA|45|4500|9.005
DATA|45|4600|9.092
DATA|45|4700|9.021
DATA|45|4800|9.029
DATA|45|4900|8.921
DATA|45|5000|9.056
LID_CLOSED|45
EVENT_END|45|8.955|9.024|-0.069
LABEL|45|DISTURBANCE
TRIGGER|SYNTHETIC|46
EVENT_START|46|8.826
DATA|46|0|8.796
DATA|46|100|8.878
DATA|46|200|8.801
DATA|46|300|8.879
DATA|46|400|8.754
DATA|46|500|8.790
DATA|46|600|8.788
DATA|46|700|8.726
DATA|46|800|8.656
DATA|46|900|8.643
DATA|46|1000|8.750
DATA|46|1100|10.306
DATA|46|1200|29.880
DATA|46|1300|65.752
DATA|46|1400|106.707
DATA|46|1500|157.743
DATA|46|1600|199.601
DATA|46|1700|220.416
DATA|46|1800|74.401
DATA|46|1900|16.545
DATA|46|2000|9.101
DATA|46|2100|8.870
DATA|46|2200|8.963
DATA|46|2300|8.914
DATA|46|2400|8.927
DATA|46|2500|8.927
DATA|46|2600|8.958
DATA|46|2700|9.044
DATA|46|2800|8.969
DATA|46|2900|8.976
DATA|46|3000|9.035
DATA|46|3100|8.998
DATA|46|3200|9.091
DATA|46|3300|9.088
DATA|46|3400|8.944
DATA|46|3500|8.914
DATA|46|3600|8.850
DATA|46|3700|8.891
DATA|46|3800|9.069
DATA|46|3900|9.014
DATA|46|4000|8.997
DATA|46|4100|8.821
DATA|46|4200|8.904
DATA|46|4300|8.904
DATA|46|4400|8.836
DATA|46|4500|8.818
DATA|46|4600|8.770
DATA|46|4700|8.811
DATA|46|4800|8.746
DATA|46|4900|8.744
DATA|46|5000|8.735
LID_CLOSED|46
EVENT_END|46|8.826|8.796|0.030
LABEL|46|DISTURBANCE
TRIGGER|SYNTHETIC|47
EVENT_START|47|8.594
DATA|47|0|8.464
DATA|47|100|8.690
DATA|47|200|8.621
DATA|47|300|8.600
DATA|47|400|8.513
DATA|47|500|8.444
DATA|47|600|8.614
DATA|47|700|8.404
DATA|47|800|8.598
DATA|47|900|8.557
DATA|47|1000|8.545
DATA|47|1100|8.592
DATA|47|1200|8.500
DATA|47|1300|9.910
DATA|47|1400|31.555
DATA|47|1500|56.483
DATA|47|1600|43.764
DATA|47|1700|8.465
DATA|47|1800|8.530
DATA|47|1900|8.553
DATA|47|2000|8.540
DATA|47|2100|8.530
DATA|47|2200|8.539
DATA|47|2300|8.552
DATA|47|2400|8.670
DATA|47|2500|8.521
DATA|47|2600|8.589
DATA|47|2700|8.449
DATA|47|2800|8.505
DATA|47|2900|8.642
DATA|47|3000|8.627
DATA|47|3100|8.674
DATA|47|3200|8.522
DATA|47|3300|8.598
DATA|47|3400|8.554
DATA|47|3500|8.661
DATA|47|3600|8.659
DATA|47|3700|8.643
DATA|47|3800|8.489
DATA|47|3900|8.574
DATA|47|4000|8.565
DATA|47|4100|8.533
DATA|47|4200|8.750
DATA|47|4300|8.591
DATA|47|4400|8.559
DATA|47|4500|8.578
DATA|47|4600|8.663
DATA|47|4700|8.592
DATA|47|4800|8.606
DATA|47|4900|8.727
DATA|47|5000|8.734
LID_CLOSED|47
EVENT_END|47|8.594|8.631|-0.037
LABEL|47|DISTURBANCE
TRIGGER|SYNTHETIC|48
EVENT_START|48|8.176
DATA|48|0|8.079
DATA|48|100|8.061
DATA|48|200|8.129
DATA|48|300|8.219
DATA|48|400|8.222
DATA|48|500|8.207
DATA|48|600|8.074
DATA|48|700|8.060
DATA|48|800|7.979
DATA|48|900|8.072
DATA|48|1000|8.132
DATA|48|1100|8.115
DATA|48|1200|8.234
DATA|48|1300|8.099
DATA|48|1400|8.016
DATA|48|1500|8.271
DATA|48|1600|10.759
DATA|48|1700|23.583
DATA|48|1800|53.307
DATA|48|1900|102.063
DATA|48|2000|167.167
DATA|48|2100|222.075
DATA|48|2200|237.983
DATA|48|2300|56.705
DATA|48|2400|12.176
DATA|48|2500|8.157
DATA|48|2600|8.166
DATA|48|2700|8.246
DATA|48|2800|8.475
DATA|48|2900|8.369
DATA|48|3000|8.406
DATA|48|3100|8.290
DATA|48|3200|8.380
DATA|48|3300|8.259
DATA|48|3400|8.098
DATA|48|3500|8.436
DATA|48|3600|8.375
DATA|48|3700|8.263
DATA|48|3800|8.232
DATA|48|3900|8.166
DATA|48|4000|8.109
DATA|48|4100|8.256
DATA|48|4200|8.356
DATA|48|4300|8.323
DATA|48|4400|8.203
DATA|48|4500|8.377
DATA|48|4600|8.231
DATA|48|4700|8.173
DATA|48|4800|8.203
DATA|48|4900|8.183
DATA|48|5000|8.140
LID_CLOSED|48
EVENT_END|48|8.176|8.229|-0.053
LABEL|48|DISTURBANCE
TRIGGER|SYNTHETIC|49
EVENT_START|49|8.520
DATA|49|0|8.607
DATA|49|100|8.603
DATA|49|200|8.548
DATA|49|300|8.612
DATA|49|400|8.532
DATA|49|500|8.514
DATA|49|600|8.401
DATA|49|700|8.383
DATA|49|800|8.250
DATA|49|900|8.277
DATA|49|1000|10.746
DATA|49|1100|43.376
DATA|49|1200|101.910
DATA|49|1300|169.809
DATA|49|1400|245.201
DATA|49|1500|294.386
DATA|49|1600|183.217
DATA|49|1700|33.146
DATA|49|1800|9.283
DATA|49|1900|8.546
DATA|49|2000|8.767
DATA|49|2100|8.624
DATA|49|2200|8.600
DATA|49|2300|8.823
DATA|49|2400|8.734
DATA|49|2500|8.871
DATA|49|2600|8.829
DATA|49|2700|8.796
DATA|49|2800|8.788
DATA|49|2900|8.830
DATA|49|3000|8.945
DATA|49|3100|8.833
DATA|49|3200|8.797
DATA|49|3300|8.767
DATA|49|3400|8.823
DATA|49|3500|8.963
DATA|49|3600|8.887
DATA|49|3700|8.769
DATA|49|3800|8.749
DATA|49|3900|8.746
DATA|49|4000|8.709
DATA|49|4100|8.689
DATA|49|4200|8.604
DATA|49|4300|8.612
DATA|49|4400|8.606
DATA|49|4500|8.529
DATA|49|4600|8.492
DATA|49|4700|8.495
DATA|49|4800|8.474
DATA|49|4900|8.509
DATA|49|5000|8.551
LID_CLOSED|49
EVENT_END|49|8.520|8.533|-0.014
LABEL|49|DISTURBANCE
TRIGGER|SYNTHETIC|50
EVENT_START|50|8.525
DATA|50|0|8.435
DATA|50|100|8.496
DATA|50|200|8.557
DATA|50|300|8.602
DATA|50|400|8.387
DATA|50|500|8.349
DATA|50|600|8.249
DATA|50|700|10.271
DATA|50|800|32.763
DATA|50|900|93.839
DATA|50|1000|169.658
DATA|50|1100|172.322
DATA|50|1200|49.507
DATA|50|1300|8.573
DATA|50|1400|8.662
DATA|50|1500|8.583
DATA|50|1600|8.653
DATA|50|1700|8.606
DATA|50|1800|8.614
DATA|50|1900|8.579
DATA|50|2000|8.634
DATA|50|2100|8.549
DATA|50|2200|8.627
DATA|50|2300|8.593
DATA|50|2400|8.495
DATA|50|2500|8.548
DATA|50|2600|8.582
DATA|50|2700|8.614
DATA|50|2800|8.588
DATA|50|2900|8.702
DATA|50|3000|8.663
DATA|50|3100|8.645
DATA|50|3200|8.657
DATA|50|3300|8.550
DATA|50|3400|8.659
DATA|50|3500|8.579
DATA|50|3600|8.507
DATA|50|3700|8.598
DATA|50|3800|8.395
DATA|50|3900|8.578
DATA|50|4000|8.436
DATA|50|4100|8.457
DATA|50|4200|8.530
DATA|50|4300|8.456
DATA|50|4400|8.489
DATA|50|4500|8.420
DATA|50|4600|8.448
DATA|50|4700|8.485
DATA|50|4800|8.370
DATA|50|4900|8.337
DATA|50|5000|8.419
LID_CLOSED|50
EVENT_END|50|8.525|8.428|0.097
LABEL|50|DISTURBANCE
